H              0     145    2.05       0       0       0        !
O              0      80    2.75       0       0       0        !
C              0    71.4   3.298       0       0       0        !*
H2             1      38    2.92       0    0.79     280        !
CO             1    98.1    3.65       0    1.95     1.8        !
HE             0    10.2   2.576       0       0       0        !*
N2             1   97.53   3.621       0    1.76       4        !
O2             1   107.4   3.458       0     1.6     3.8        !
OH             1      80    2.75       0       0       0        !
AR             0   136.5    3.33       0       0       0        !
CH             1      80    2.75       0       0       0        !
H2O            2   572.4   2.605   1.844       0       4        !
CH3            1     144     3.8       0       0       0        !
C2H            1   265.3   3.721       0       0     2.5        !NMM
CO2            1     244   3.763       0    2.65     2.1        !
CH2            1     144     3.8       0       0       0        !
HO2            2   107.4   3.458       0       0       1        !*
CH4            2   141.4   3.746       0     2.6      13        !
HCO            2     498    3.59       0       0       0        !
C2H6           2   247.5    4.35       0       0     1.5        !NMM
HCCO           2     150     2.5       0       0       1        !*
C3H3           1   324.8    4.29       0       0       1        !NMM
CH3O           2     417    3.69     1.7       0       2        !
C2H5           2   247.5    4.35       0       0     1.5        !NMM
C3H8           2   303.4    4.81       0       0       1        !NMM
C3H2           2     209     4.1       0       0       1        !*
CH2O           2     498    3.59       0       0       2        !
OCHO           2     498    3.59       0       0       2        !WJP
C2H4           2   238.4   3.496       0       0     1.5        !NMM
C4H6           2     357    4.72       0       0       1        !NMM
H2O2           2   107.4   3.458       0       0     3.8        !
C2H3           2   265.3   3.721       0       0       1        !NMM
C2H2           1   265.3   3.721       0       0     2.5        !NMM
C3H6           2   307.8    4.14       0       0       1        !NMM
O2CHO          2     436    3.97       0       0       2        !WJP
CH2OH          2     417    3.69     1.7       0       2        !
PC4H9          2     352    5.24       0       0       1        !NMM
HOCHO          2     436    3.97       0       0       2        !WJP
HCCOH          2     436    3.97       0       0       2        !
SC4H9          2     352    5.24       0       0       1        !NMM
IC4H9          2     352    5.24       0       0       1        !NMM
CH3CO          2     436    3.97       0       0       2        !
IC3H7          2   303.4    4.81       0       0       1        !NMM
C3H5O          2     411    4.82       0       0       1        !NMM
C4H10          2   350.9   5.206       0       0       1        !WJP
C4H7O          2     496     5.2       0       0       1        !NMM
TC4H9          2     352    5.24       0       0       1        !NMM
C2H5O          2   470.6    4.41       0       0     1.5        !NMM
NC3H7          2   303.4    4.81       0       0       1        !NMM
IC4H8          2   344.5   5.089     0.5       0       1        !WJP,TCPCISOBUTENE
CH3OH          2   481.8   3.626       0       0       1        !SVE
CH2CO          2     436    3.97       0       0       2        !
IC4H7          2     355    4.65       0       0       1        !NMM
C2H3CO         2   443.2    4.12       0       0       1        !NMM
C3H5-A         2     316    4.22       0       0       1        !
PC4H9O         2     496     5.2       0       0       1        !NMM
IC4H10         2   335.7   5.208     0.1       0       1        !WJP
IC4H8O         2   436.4   5.352       0       0       1        !WJP,ISOBUTYRALDEHYDE(IC3H7CHO)
NC5H12         2   391.7   5.591       0       0       1        !WJPTCPCN-PENTANE
CH3CHO         2     436    3.97       0       0       2        !
C3H5-S         2     316    4.22       0       0       1        !
SC4H9O         2     496     5.2       0       0       1        !NMM
IC4H9O         2     496     5.2       0       0       1        !NMM
CH2(S)         1     144     3.8       0       0       0        !
C2H5OH         2   470.6    4.41       0       0     1.5        !
C2H5CO         2   424.6    4.82       0       0       1        !NMM
C3H5-T         2     316    4.22       0       0       1        !
TC4H9O         2     496     5.2       0       0       1        !NMM
HOCH2O         2   470.6    4.41       0       0     1.5        !WJP
CH2CHO         2     436    3.97       0       0       2        !
C3H4-P         1   324.8    4.29       0       0       1        !NMM
NC3H7O         2   481.5   4.997     1.7       0       1        !WJP
C4H8-1         2     355    4.65       0       0       1        !NMM
IC4H7O         2     496     5.2       0       0       1        !NMM
HO2CHO         2     436    3.97       0       0       2        !WJP
C3H4-A         1   324.8    4.29       0       0       1        !NMM
IC3H7O         2   459.5   5.036     1.7       0       1        !WJP
C4H8-2         2     355    4.65       0       0       1        !NMM
C3H5OH         2   481.5   4.997     1.7       0       1        !WJP
SC2H4OH        2   470.6    4.41       0       0     1.5        !NMM
C4H71-4        2   357.1    4.72       0       0       1        !H2C4O
TC3H6OH        2   459.5   5.036     1.7       0       1        !WJP
C5H10-2        2   396.8   5.458       0       0       1        !WJP
C5H92-4        2   396.8   5.458       0       0       1        !WJP
C2H5CHO        2   435.2   4.662     2.7       0       1        !WJP,TCPC,PROPIONALDEHYDE
CH3CHCO        2   443.2    4.12       0       0       1        !NMM
C4H72-2        2   357.1    4.72       0       0       1        !H2C4O
IC3H7CO        2   436.4   5.352       0       0       1        !WJP
IC3H5CO        2   436.4   5.352       0       0       1        !WJP
IC3H5OH        2   459.5   5.036     1.7       0       1        !WJP
C5H11-1        2   523.2   5.664     1.7       0       1        !WJP
C5H81-3        2     408     5.2       0       0       1        !NMM
C5H92-5        2   396.8   5.458       0       0       1        !WJP
C4H71-1        2   357.1    4.72       0       0       1        !H2C4O
C5H11-2        2   523.2   5.664     1.7       0       1        !WJP
C5H91-3        2   396.8   5.458       0       0       1        !WJP
CH3OCH3        2     395   4.037     1.3       0       1        !SVE,RPD
C4H71-2        2   357.1    4.72       0       0       1        !H2C4O
IC4H7OH        2   502.2   5.356     1.8       0       1        !WJP
IC3H6CO        2   436.4   5.352       0       0       1        !WJP
C5H11-3        2   523.2   5.664     1.7       0       1        !WJP
C5H91-4        2   396.8   5.458       0       0       1        !WJP
PC2H4OH        2   470.6    4.41       0       0     1.5        !NMM
C2H3CHO        2   428.8   4.958     2.9       0       1        !WJP:TCPCACROLEIN,POLING,4THED.
CH3OCH2        2     395   4.037     1.3       0       1        !CH3OCH3
C4H71-3        2   357.1    4.72       0       0       1        !H2C4O
SC3H5CO        2   464.2   5.009     2.6       0       1        !TCPC
IC4H6OH        2   502.2   5.356     1.8       0       1        !WJP
C5H10-1        2   386.2   5.489     0.4       0       1        !WJP
C5H91-5        2   396.8   5.458       0       0       1        !WJP
C2H4O1-2       2     436    3.97       0       0       2        !WJPSAMEASCH2CO
C3H6O1-2       2   403.6   4.968       2       0       1        !WJP
TC3H6CHO       2   436.4   5.352       0       0       1        !WJP
IC3H5CHO       2   436.4   5.352       0       0       1        !WJP
C5H11O-2       2   523.2   5.664     1.7       0       1        !WJP
O2C2H4OH       2   523.2   5.664     1.7       0       1        !WJP
C2H3O1-2       2     436    3.97       0       0       2        !WJPSAMEASCH2CO
C5H11O-3       2   523.2   5.664     1.7       0       1        !WJP
CH3COCH3       2   435.5    4.86       0       0       1        !NMM
IC3H6CHO       2   436.4   5.352       0       0       1        !WJP
C5H9O1-3       2   523.2   5.664     1.7       0       1        !WJP,1-PENTANOL(1C5H11OH)
CH3COCH2       2   435.5    4.86       0       0       1        !NMM
C4H8O1-2       2     496     5.2       0       0       1        !WJP
SC3H5CHO       2   464.2   5.009     2.6       0       1        !TCPC
TC4H8CHO       2     476   5.778     2.6       0       1        !WJP,NC4H9CHO
C5H9O2-4       2   523.2   5.664     1.7       0       1        !WJP,1-PENTANOL(1C5H11OH)
C4H8O2-3       2     496     5.2       0       0       1        !WJP
IC3H7CHO       2   436.4   5.352       0       0       1        !WJP,TCPC,ISOBUTYRALDEHYDE
IC4H7OOH       2   436.4   5.352       0       0       1        !WJP,ISOBUTYRALDEHYDE(IC3H7CHO)
C5H11O-1       2   523.2   5.664     1.7       0       1        !WJP
TC3H6OCH       2   436.4   5.352       0       0       1        !WJP
CH2CCH2O       2   481.5   4.997     1.7       0       1        !WJP
TC3H6OCHO      2   436.4   5.352       0       0       1        !WJP
CH2CCH2OH      2   481.5   4.997     1.7       0       1        !WJP
CH2CCH2OH      2   481.5   4.997     1.7       0       1        !WJP
